     0/499    0.933G   0.05855  0.007308   0.02113   0.08699         4       320   0.01917    0.1875   0.01581  0.002879   0.07784  0.005517   0.02071
     1/499     1.06G   0.05921  0.006912   0.02043   0.08655         2       320    0.0134    0.0625   0.01401  0.002712   0.07194  0.006169    0.0204
     2/499     1.06G   0.06212  0.008256   0.02144   0.09181         3       320    0.0112       0.5   0.01153  0.002358   0.06852  0.006536   0.01997
     3/499     1.06G   0.05507  0.008417   0.02132   0.08481         5       320  0.009289    0.2708   0.01044  0.002789    0.0685  0.006193   0.01933
     4/499     1.06G   0.05335  0.008447   0.02032   0.08212         5       320   0.01679    0.3297    0.0188  0.005625   0.06582  0.006048   0.01964
     5/499     1.06G    0.0507  0.008535   0.01964   0.07888         1       320   0.02435    0.1875   0.02668  0.005201   0.06713  0.005995    0.0194
     6/499     1.06G   0.05307  0.008622   0.01906   0.08075         6       320   0.02841    0.2083   0.03861  0.007915   0.06553  0.006054   0.01925
     7/499     1.06G   0.05092  0.009352   0.02075   0.08102         2       320   0.02997     0.125   0.04187  0.008148   0.06607  0.005959   0.01901
     8/499     1.06G   0.05334   0.01087   0.02261   0.08682        14       320   0.04861    0.1667   0.04623   0.01738   0.06392  0.006326   0.01884
     9/499     1.06G    0.0504   0.01018   0.02054   0.08112         1       320    0.1205    0.3958    0.1191   0.03934    0.0661  0.005872   0.01855
    10/499     1.06G   0.04765  0.008771   0.01965   0.07607         5       320      0.17      0.25    0.1282   0.05238   0.06338  0.006052   0.01823
    11/499     1.06G   0.04986   0.00923   0.02093   0.08002         2       320    0.4982   0.08333    0.1572   0.03923    0.0691  0.005451   0.01782
    12/499     1.06G   0.04992  0.008838   0.02006   0.07881         1       320     0.747   0.08333    0.1452   0.06318   0.06594  0.005617   0.01731
    13/499     1.06G   0.04804  0.009338   0.02092   0.07829         1       320    0.4867    0.2252    0.2104   0.05307   0.06091  0.006042   0.01735
    14/499     1.06G   0.04211  0.007862   0.01863    0.0686         3       320   0.07932    0.2917     0.153    0.0689   0.05955  0.006109   0.01688
    15/499     1.06G   0.04957  0.009405   0.02036   0.07934         1       320    0.1323    0.4375    0.1783   0.05204   0.06125  0.005829    0.0166
    16/499     1.06G   0.04722  0.009651   0.02095   0.07783         8       320    0.6696    0.1458    0.1924    0.0909   0.06045  0.005847   0.01671
    17/499     1.06G   0.03842   0.00904   0.01819   0.06564         1       320    0.1023      0.25    0.1564   0.02637   0.05849  0.006054   0.01721
    18/499     1.06G   0.04192  0.009487   0.02013   0.07154         5       320    0.9989   0.08333    0.1531   0.04071   0.05714  0.006125   0.01715
    19/499     1.06G   0.04101  0.008986   0.01853   0.06852         1       320    0.1032      0.25    0.1688   0.04365   0.05515  0.006264   0.01731
    20/499     1.06G   0.04201   0.01019   0.02009   0.07229         3       320     0.396    0.3125    0.1185   0.03431   0.05525  0.006204   0.01714
    21/499     1.06G   0.04524   0.00846   0.01874   0.07244         5       320    0.9987   0.08333    0.1456   0.08867    0.0547  0.006206   0.01698
    22/499     1.06G    0.0507  0.008557   0.02084    0.0801        14       320    0.7254    0.2083    0.2511    0.1298   0.04971  0.006377   0.01681
    23/499     1.06G   0.05881  0.007497   0.02143   0.08773         1       320    0.5233    0.3253    0.2491    0.1018   0.05537  0.005856   0.01684
    24/499     1.06G   0.05639  0.007047   0.02013   0.08356         2       320    0.4858    0.4541    0.3487    0.1456   0.06332  0.005089   0.01717
    25/499     1.06G   0.05402  0.007438   0.01997   0.08142         1       320    0.5189    0.2048    0.2324   0.08725   0.06581  0.004982   0.01747
    26/499     1.06G   0.04721  0.007467   0.02031   0.07499         1       320    0.2813    0.3935    0.2292   0.07213   0.06462  0.005188    0.0172
    27/499     1.06G   0.04713  0.007765   0.02148   0.07638         9       320    0.3466    0.3905    0.3588    0.1612    0.0677  0.005036   0.01723
    28/499     1.06G   0.05278  0.009682   0.02164   0.08411         6       320    0.2285      0.25    0.2754     0.133   0.06666  0.005265    0.0174
    29/499     1.06G   0.04596  0.008197   0.02058   0.07474         2       320    0.2839    0.3542    0.2812   0.09689   0.06581  0.005273   0.01732
    30/499     1.06G   0.04417  0.007913   0.02031   0.07239         3       320    0.2822    0.6158    0.3018    0.1008   0.06465  0.005366   0.01722
    31/499     1.06G    0.0474  0.008762    0.0204   0.07657         2       320    0.1827    0.5186    0.2674   0.05719   0.06601  0.005391   0.01714
    32/499     1.06G   0.05514  0.009507   0.02276   0.08741         7       320    0.3647    0.5208    0.3703     0.189   0.06504  0.005287   0.01732
    33/499     1.06G    0.0491  0.007978   0.02087   0.07795         2       320    0.2209    0.8031    0.3495    0.1229   0.06772  0.005268   0.01782
    34/499     1.06G   0.04964  0.007008   0.02047   0.07712         9       320    0.3108    0.5464    0.3335   0.07535   0.06738  0.005424   0.01823
    35/499     1.06G   0.05183  0.008179   0.02003   0.08003         2       320    0.3695    0.5625    0.3353    0.1073   0.06661  0.005456   0.01817
    36/499     1.06G   0.05992  0.008274   0.02188   0.09008         2       320    0.2494    0.7469    0.3319     0.113   0.06542  0.005342   0.01797
    37/499     1.06G   0.05017  0.008368   0.02022   0.07876         4       320    0.3954    0.7249    0.4612    0.1997   0.06289  0.005657    0.0176
    38/499     1.06G   0.04555  0.009291   0.02001   0.07486         1       320    0.4206    0.4583    0.2915    0.1829    0.0579  0.006054   0.01767
    39/499     1.06G   0.04502   0.01051   0.02015   0.07568         4       320    0.4409    0.2076     0.183   0.08045   0.05575  0.006414   0.01767
    40/499     1.06G   0.04206  0.009889   0.02034   0.07229         1       320    0.4822    0.3643    0.2571     0.134   0.05452   0.00646   0.01758
    41/499     1.06G   0.04099   0.01022    0.0202   0.07142         1       320    0.4923    0.2849    0.2985    0.1284   0.05675  0.006174   0.01768
    42/499     1.06G   0.04189   0.01042   0.02007   0.07238         4       320    0.4212      0.33     0.284    0.1165   0.05726  0.006276   0.01773
    43/499     1.06G   0.03717   0.00927   0.01917   0.06561         2       320    0.4283    0.3167    0.2803    0.1194   0.05651  0.006568   0.01773
    44/499     1.06G   0.03786  0.009463   0.01908    0.0664         1       320    0.4152      0.25    0.3613    0.1641   0.05528  0.006556   0.01771
    45/499     1.06G   0.04588   0.01003   0.02167   0.07758         9       320    0.3646    0.6667    0.3661    0.1489   0.05399  0.006632    0.0175
    46/499     1.06G   0.04161   0.01003   0.02019   0.07182         8       320    0.4007    0.5833    0.3515    0.1512   0.05331  0.006501   0.01739
    47/499     1.06G   0.04154   0.01012   0.01979   0.07145         8       320      0.75    0.1778     0.388     0.165   0.05363  0.006375   0.01729
    48/499     1.06G   0.04214   0.00945   0.02042   0.07201        13       320    0.2878    0.8125    0.3605    0.1537   0.05256  0.006636   0.01707
    49/499     1.06G   0.04251   0.01036   0.02041   0.07328        13       320     0.335     0.375   0.09085   0.02436   0.05829  0.005983   0.01713
    50/499     1.06G    0.0498  0.008883    0.0212   0.07988         6       320    0.4391    0.5723     0.374    0.1509   0.05404  0.006194   0.01716
    51/499     1.06G   0.04052  0.009521   0.02067   0.07071         2       320    0.4469    0.4167    0.4036    0.1843   0.05416  0.006243   0.01718
    52/499     1.06G   0.04301   0.00935   0.02033   0.07269         9       320    0.5483    0.3125    0.2263   0.07912   0.05322  0.006108   0.01722
    53/499     1.06G   0.04388   0.01026   0.02096    0.0751         9       320    0.7234    0.2087    0.3718    0.1632   0.05027  0.006104   0.01728
    54/499     1.06G   0.04107  0.009592    0.0205   0.07116         2       320    0.4389    0.5833    0.3432    0.1604   0.05018  0.006018   0.01727
    55/499     1.06G   0.03921   0.01084   0.02005    0.0701         9       320    0.5639    0.5417    0.3717    0.1381   0.05062  0.005902   0.01723
    56/499     1.06G   0.03851  0.009463   0.02088   0.06885         4       320    0.1941    0.7134    0.3454    0.1783   0.04948  0.006099   0.01711
    57/499     1.06G   0.03623  0.009089   0.01999   0.06531         1       320    0.2515     0.824    0.3403    0.1639   0.05012  0.006088    0.0171
    58/499     1.06G   0.03474   0.01054   0.01833   0.06361         5       320    0.2593    0.7135    0.3521    0.2317   0.04984  0.006044   0.01718
    59/499     1.06G   0.03605  0.009615   0.01924   0.06491         1       320    0.2693    0.5948    0.3804    0.2332    0.0502  0.005853   0.01718
    60/499     1.06G   0.03635  0.009148   0.01905   0.06455         4       320    0.2887    0.7504    0.4162    0.2735   0.04796  0.006208   0.01716
    61/499     1.06G   0.03785  0.009418   0.01976   0.06702         2       320       0.3    0.5125    0.4571    0.3069   0.04715  0.006205   0.01716
    62/499     1.06G    0.0352  0.009775   0.01917   0.06415         6       320    0.2984    0.4719    0.3958    0.2264   0.04691  0.006283   0.01713
    63/499     1.06G   0.03901    0.0102   0.02027   0.06948         5       320    0.3435    0.4792    0.3935    0.2408   0.04705  0.006196   0.01715
    64/499     1.06G   0.03853  0.009923   0.01948   0.06794         1       320    0.1944    0.8125    0.3898     0.208   0.04971   0.00613    0.0173
    65/499     1.06G   0.04027  0.009638   0.02027   0.07018         3       320    0.7966    0.2708    0.3815    0.1725   0.04702  0.006392   0.01724
    66/499     1.06G   0.04058  0.009522   0.01995   0.07005         4       320      0.72    0.2698    0.3624    0.1729   0.05106  0.005946   0.01726
    67/499     1.06G   0.04112  0.008751   0.01986   0.06973         5       320    0.1644     0.875    0.3761    0.1976   0.04721  0.006305   0.01724
    68/499     1.06G   0.03955  0.008781   0.02014   0.06846         1       320    0.1777     0.875    0.3926    0.2226   0.04291   0.00663   0.01733
    69/499     1.06G   0.03704  0.009056   0.01965   0.06575         4       320    0.2115    0.5417    0.3859    0.2354   0.04331  0.006563   0.01727
    70/499     1.06G   0.03509   0.00961   0.01979   0.06449         3       320    0.1768    0.5985    0.3842    0.2515   0.04283  0.006428   0.01733
    71/499     1.06G   0.03628  0.009979   0.02015   0.06641        10       320    0.2231    0.6042    0.3878    0.2639   0.04162  0.006399   0.01723
    72/499     1.06G   0.03986   0.01147   0.02157   0.07291         8       320    0.8094    0.2708     0.391    0.2496   0.04109  0.006388   0.01723
    73/499     1.06G   0.03497   0.01003   0.01981   0.06481         7       320     0.234    0.4579    0.3803    0.2446   0.04083  0.006327   0.01721
    74/499     1.06G   0.04017  0.009795   0.02145   0.07141         3       320    0.2231    0.5417    0.4237    0.2797   0.04097  0.006242   0.01748
    75/499     1.06G   0.03325   0.01022   0.01951   0.06297         5       320     0.232    0.5411    0.4219    0.2786   0.04203  0.006067   0.01764
    76/499     1.06G    0.0349  0.009242   0.01905   0.06319         1       320     0.249    0.5417    0.4012    0.2688   0.04252  0.006033   0.01773
    77/499     1.06G   0.03041  0.009333   0.01808   0.05782         2       320    0.2736    0.5382    0.3664    0.2337    0.0436  0.006005    0.0178
    78/499     1.06G   0.03483  0.009544   0.01934   0.06371         2       320    0.2815     0.541    0.3396    0.2337   0.04492  0.005851   0.01787
    79/499     1.06G    0.0334   0.00869   0.01843   0.06052         2       320    0.2594    0.4912    0.3713    0.2481   0.04668  0.005736   0.01785
    80/499     1.06G   0.03235  0.009722   0.01886   0.06093         4       320    0.3492    0.4792    0.3278    0.1738   0.04621  0.005811   0.01782
    81/499     1.06G   0.03553  0.008371    0.0193    0.0632         2       320    0.2147    0.5833    0.2997    0.1706   0.04503  0.005993   0.01754
    82/499     1.06G   0.03735  0.009146    0.0191    0.0656         1       320    0.2392    0.4792    0.3139    0.1982   0.04548  0.005845    0.0177
    83/499     1.06G   0.03637  0.008948   0.01905   0.06437         2       320    0.2455    0.5314    0.3247    0.2029   0.04245   0.00595   0.01753
    84/499     1.06G   0.03615  0.008991   0.01874   0.06388         1       320    0.2147    0.9375    0.3098    0.2107   0.04368  0.005705   0.01763
    85/499     1.06G    0.0352  0.008787   0.01842    0.0624         4       320    0.4021    0.4108    0.3717    0.2294   0.04289  0.005878   0.01765
    86/499     1.06G   0.03416  0.009176   0.01936    0.0627         4       320    0.2178         1    0.3299    0.2203    0.0399  0.005988   0.01763
    87/499     1.06G   0.02684  0.009128    0.0179   0.05387         2       320    0.2373    0.8333    0.3482    0.2259   0.03975  0.005906   0.01765
    88/499     1.06G   0.03529  0.009555   0.01912   0.06396         1       320    0.2206    0.9111    0.3174    0.1903   0.03905  0.005951   0.01761
    89/499     1.06G   0.02885   0.00982   0.01829   0.05697         1       320    0.2143    0.8333    0.3592    0.2445   0.03807  0.005827   0.01752
    90/499     1.06G   0.03111   0.00931    0.0181   0.05852         0       320    0.2329    0.9743     0.381    0.2428   0.03778  0.005787   0.01759
    91/499     1.06G   0.03125  0.009426   0.01781   0.05849        11       320    0.2301    0.9032    0.4051    0.2671   0.03643  0.006017   0.01754
    92/499     1.06G   0.03553   0.01007   0.01959   0.06519         9       320     0.246    0.9782    0.3791    0.2501   0.03542  0.005975   0.01732
    93/499     1.06G   0.03125    0.0086   0.01859   0.05844         6       320    0.2538         1    0.3921    0.2683   0.03519  0.005854   0.01717
    94/499     1.06G   0.03425   0.00967   0.01983   0.06375         7       320    0.2588         1    0.4208    0.2877   0.03507  0.005896    0.0171
    95/499     1.06G   0.03349  0.008651   0.01768   0.05982         3       320    0.2573         1    0.4312    0.2855   0.03557  0.005898   0.01704
    96/499     1.06G   0.03071   0.00916   0.01885   0.05873         5       320    0.2704    0.9881    0.4201    0.2892     0.036  0.005872   0.01701
    97/499     1.06G   0.03372  0.008818   0.01779   0.06033         3       320    0.1941     0.797    0.3928    0.2112   0.03821  0.005817   0.01709
    98/499     1.06G   0.03414  0.008586    0.0181   0.06083         4       320    0.2399     0.888    0.3814    0.2475   0.03756  0.005676   0.01718
    99/499     1.06G   0.03345  0.007526    0.0187   0.05968         4       320    0.2426    0.8958    0.3916    0.2691   0.03727  0.005493   0.01712
   100/499     1.06G   0.03444  0.008407   0.01881   0.06165         5       320    0.2144    0.8732    0.3901    0.2508   0.03855  0.005277   0.01707
   101/499     1.06G   0.03471  0.008337   0.01841   0.06145         4       320    0.2314    0.7877    0.4193    0.3161   0.04003  0.005156   0.01705
   102/499     1.06G   0.03088  0.009053   0.01736   0.05729         5       320    0.2372    0.9204    0.4411    0.2959    0.0384  0.005085     0.017
   103/499     1.06G   0.03064  0.008926   0.01803    0.0576         2       320    0.2547    0.7677    0.4272    0.2927   0.03934   0.00495   0.01705
   104/499     1.06G   0.03066  0.008928   0.01749   0.05707         5       320    0.2685    0.7426     0.479    0.3251   0.03835  0.004928   0.01697
   105/499     1.06G   0.02864  0.009451   0.01758   0.05567         5       320    0.2497     0.875    0.4676    0.3431   0.03617   0.00504   0.01691
   106/499     1.06G   0.02939   0.00869   0.01855   0.05663         4       320    0.2844    0.7363    0.4637    0.3614   0.03616  0.005075   0.01684
   107/499     1.06G   0.02634  0.009326   0.01792   0.05359        10       320    0.2946    0.8478    0.4482    0.3488   0.03549   0.00509   0.01681
   108/499     1.06G   0.02873  0.009536   0.01783    0.0561         4       320    0.2992    0.8069    0.4507    0.3392   0.03561  0.005062   0.01676
   109/499     1.06G   0.02637  0.008698    0.0176   0.05267         7       320    0.3198    0.8139    0.4628    0.3428   0.03519   0.00519   0.01667
   110/499     1.06G   0.02589  0.008366   0.01809   0.05235        10       320    0.2947    0.8958    0.4492    0.3447   0.03444  0.005273   0.01661
   111/499     1.06G   0.03048  0.009368   0.01741   0.05726         0       320    0.3056     0.736    0.5057    0.4027    0.0362  0.005226   0.01655
   112/499     1.06G   0.03036  0.008195   0.01863   0.05719         2       320    0.2696      0.75    0.4825    0.3249   0.04019  0.005149   0.01648
   113/499     1.06G   0.03132  0.008112     0.017   0.05643         2       320    0.2858    0.6978    0.5078    0.2957   0.04688  0.004826    0.0164
   114/499     1.06G   0.03702   0.00762    0.0166   0.06124         4       320    0.3293    0.7044    0.5005    0.2915      0.05  0.004882   0.01635
   115/499     1.06G   0.03674  0.007202   0.01659   0.06054         1       320      0.35    0.7066    0.5682    0.3911   0.04664  0.005047   0.01623
   116/499     1.06G   0.03757  0.007881   0.01782   0.06327        10       320     0.341    0.7054    0.5233    0.3323   0.04661  0.005281   0.01618
   117/499     1.06G   0.03285  0.008332   0.01737   0.05855         1       320     0.323    0.6728     0.566    0.4079    0.0453  0.005175   0.01607
   118/499     1.06G   0.03106  0.008025   0.01693   0.05602         1       320    0.3434    0.8684    0.5732    0.4032   0.04462  0.005164   0.01615
   119/499     1.06G   0.03143  0.008167   0.01822   0.05781         7       320    0.3321    0.8507    0.5908    0.4629   0.04326  0.005151   0.01604
   120/499     1.06G   0.03126  0.008299   0.01697   0.05653         5       320    0.3642    0.7401    0.5456    0.4341   0.04288  0.005084     0.016
   121/499     1.06G   0.02872  0.008843   0.01666   0.05422         3       320    0.3697    0.8117    0.5795    0.4425   0.04423  0.004809   0.01602
   122/499     1.06G   0.02694   0.00795    0.0165   0.05138         8       320     0.374    0.7857    0.6164    0.4654    0.0437  0.004851   0.01597
   123/499     1.06G    0.0277  0.008623   0.01772   0.05405         4       320    0.3908    0.7708    0.6277    0.4563   0.04397   0.00487   0.01598
   124/499     1.06G   0.03023   0.00802   0.01656   0.05481         1       320    0.4027    0.8381     0.679    0.4802   0.04448  0.004925   0.01589
   125/499     1.06G   0.02893  0.008139   0.01597   0.05304         2       320    0.5076    0.7575    0.6934    0.5388    0.0427  0.005021   0.01574
   126/499     1.06G   0.02792  0.008238   0.01591   0.05207         5       320    0.4949    0.7835    0.7248    0.5404   0.04266  0.005068   0.01565
   127/499     1.06G   0.02789  0.008319   0.01651   0.05271         3       320    0.4903    0.7931    0.7236    0.5299   0.04326  0.005085   0.01554
   128/499     1.06G   0.03228  0.008607   0.01657   0.05745         2       320    0.4891    0.6246      0.68    0.3903    0.0457  0.005031   0.01532
   129/499     1.06G    0.0342  0.007245    0.0158   0.05725         6       320     0.444    0.7068    0.6937    0.4621    0.0469  0.005027   0.01513
   130/499     1.06G   0.03627  0.007643   0.01607   0.05998         9       320    0.5058    0.7083    0.6282     0.394   0.04437  0.005123   0.01502
   131/499     1.06G   0.03224  0.007886   0.01557   0.05569         5       320    0.2645    0.7917    0.5387    0.3777   0.04538  0.005034   0.01502
   132/499     1.06G   0.03078  0.008388   0.01603    0.0552         2       320    0.3624    0.9583     0.661     0.446   0.04457  0.005016   0.01492
   133/499     1.06G   0.03042  0.008727   0.01595    0.0551         4       320    0.4052    0.9167    0.7161    0.5262   0.04334  0.004972   0.01488
   134/499     1.06G   0.02861  0.009019    0.0159   0.05353         1       320    0.5238    0.7102    0.7496    0.5629    0.0446  0.004886   0.01486
   135/499     1.06G   0.02696  0.007343   0.01504   0.04934         1       320    0.5768    0.7006    0.7581    0.5416   0.04429  0.004864   0.01474
   136/499     1.06G   0.02906  0.008306   0.01532   0.05268         2       320    0.4458    0.9571    0.7491    0.5341   0.04411  0.004783   0.01478
   137/499     1.06G   0.03017  0.007588   0.01604   0.05381         1       320     0.481         1    0.7298    0.4777   0.04443  0.004726   0.01483
   138/499     1.06G   0.02925  0.009118    0.0153   0.05367         2       320    0.4929         1    0.7181    0.5294   0.04359  0.004843   0.01484
   139/499     1.06G   0.02622  0.008003   0.01565   0.04987         3       320    0.4936         1    0.7216    0.5152   0.04343  0.004859   0.01485
   140/499     1.06G   0.02706  0.008096   0.01598   0.05114         2       320    0.5456    0.9087    0.7797    0.5514   0.04377  0.004741   0.01496
   141/499     1.06G   0.03081  0.008641   0.01677   0.05621         2       320    0.5858    0.9056    0.8083    0.5749    0.0439  0.004691   0.01506
   142/499     1.06G   0.02873  0.008222   0.01566   0.05262        15       320    0.5847    0.8367    0.7673    0.5674   0.04416  0.004789    0.0149
   143/499     1.06G   0.02362  0.006959    0.0142   0.04478         1       320     0.504    0.9533    0.8043    0.6056   0.04392  0.004779   0.01479
   144/499     1.06G   0.03003  0.008291   0.01593   0.05425         9       320    0.5303    0.9016    0.8003     0.555   0.04316   0.00471    0.0148
   145/499     1.06G   0.03116  0.007544   0.01647   0.05517         2       320    0.5229    0.9536    0.8116    0.5686    0.0461  0.004688   0.01471
   146/499     1.06G   0.03359  0.007015    0.0147   0.05531         1       320    0.5101    0.8125    0.7122    0.4703   0.04654  0.004625   0.01454
   147/499     1.06G   0.03388  0.008142   0.01496   0.05698         4       320    0.5334    0.9767    0.7673    0.5768   0.04501  0.004672   0.01439
   148/499     1.06G   0.03027  0.006794   0.01476   0.05182         4       320    0.5748    0.8119    0.7195    0.4726   0.04646  0.004747    0.0143
   149/499     1.06G   0.02799   0.00765   0.01491   0.05055         4       320    0.6434     0.803    0.7333    0.5429   0.04477  0.004854   0.01407
   150/499     1.06G   0.03213   0.00732   0.01402   0.05347         1       320    0.6089    0.9147      0.77    0.5587    0.0438  0.004954   0.01404
   151/499     1.06G   0.02855   0.00703   0.01382    0.0494         1       320    0.5911    0.9942    0.8407    0.5773   0.04064  0.005197   0.01401
   152/499     1.06G   0.02801  0.008454   0.01447   0.05093         3       320    0.7505    0.8643    0.8672     0.646   0.03932  0.005339   0.01387
   153/499     1.06G   0.02464  0.007317   0.01433   0.04629         6       320    0.6625     0.891    0.8553     0.659   0.03912  0.005395   0.01385
   154/499     1.06G   0.02653  0.008156   0.01369   0.04838         1       320    0.7343    0.8711    0.8598     0.679   0.03919   0.00531   0.01379
   155/499     1.06G   0.02607  0.007381   0.01486   0.04831         1       320    0.6159    0.9963    0.8025    0.6234   0.03964  0.005268   0.01362
   156/499     1.06G   0.02979  0.008292   0.01497   0.05305         3       320    0.6215    0.8958    0.7785    0.6052   0.03922   0.00532   0.01359
   157/499     1.06G   0.02528  0.007192   0.01367   0.04614         3       320    0.6287    0.9159      0.79    0.6286   0.03912  0.005286    0.0135
   158/499     1.06G   0.02647  0.007604   0.01364   0.04771         1       320    0.7848    0.6977    0.7575    0.5986   0.03965  0.005379   0.01352
   159/499     1.06G   0.02679  0.007219   0.01372   0.04773         2       320    0.7922    0.7006    0.7547    0.5896   0.03964  0.005392   0.01347
   160/499     1.06G   0.03245  0.008645   0.01381    0.0549         2       320    0.6484     0.733     0.732    0.5439    0.0388  0.005421   0.01395
   161/499     1.06G   0.02811  0.007481   0.01443   0.05003         2       320     0.683    0.7081    0.7021     0.351   0.04227  0.005302   0.01396
   162/499     1.06G   0.03484  0.007104   0.01446   0.05641         4       320    0.7307    0.7081    0.7573    0.5318   0.04038  0.005237   0.01403
   163/499     1.06G   0.03202  0.007714   0.01416   0.05389         2       320    0.7615    0.7083    0.7426    0.4877   0.04113  0.005141    0.0138
   164/499     1.06G   0.02917   0.00765   0.01335   0.05017         5       320    0.5842    0.9285    0.8208    0.6391   0.03904  0.005116    0.0136
   165/499     1.06G   0.02962  0.008329   0.01323   0.05118         7       320    0.5629     0.908    0.8243    0.6828   0.03821  0.005096   0.01308
   166/499     1.06G   0.02671   0.00658   0.01351   0.04679         2       320    0.5999         1    0.8361    0.6432   0.03818  0.005003     0.013
   167/499     1.06G   0.02695  0.007385   0.01405   0.04839         5       320    0.5682         1    0.8486     0.671   0.03725  0.005028   0.01288
   168/499     1.06G   0.02454  0.008405   0.01323   0.04617         2       320    0.5994    0.9028    0.8529    0.6626   0.03675  0.005041   0.01302
   169/499     1.06G   0.02668   0.00773   0.01423   0.04864         2       320    0.5671     0.875    0.8529    0.6993   0.03643  0.005054   0.01307
   170/499     1.06G   0.02555  0.007507   0.01267   0.04573         4       320    0.5662     0.875    0.8458    0.6951   0.03602  0.005044   0.01303
   171/499     1.06G   0.02397  0.008158   0.01289   0.04502        10       320    0.5527    0.8765    0.8396    0.6948   0.03623  0.005042   0.01299
   172/499     1.06G   0.02588  0.007551   0.01323   0.04666         6       320    0.5668    0.8707    0.8396    0.6884   0.03605  0.004964   0.01299
   173/499     1.06G   0.02165  0.007187   0.01251   0.04134         5       320    0.5147     0.875    0.8274    0.6827    0.0363   0.00497   0.01291
   174/499     1.06G   0.02466    0.0081   0.01229   0.04505         3       320    0.5377     0.876    0.8349    0.6594   0.03672   0.00494    0.0129
   175/499     1.06G   0.02157   0.00695    0.0125   0.04102         4       320    0.5326     0.875    0.8271    0.6683   0.03688  0.004919   0.01284
   176/499     1.06G   0.02531  0.007825   0.01224   0.04537         6       320    0.6143    0.8343    0.8362    0.7097   0.03696  0.004929   0.01283
   177/499     1.06G   0.02934  0.007626   0.01299   0.04996         6       320    0.6043    0.7269    0.7803    0.4884   0.03999  0.004995    0.0127
   178/499     1.06G   0.03058  0.007203    0.0119   0.04969         7       320    0.5459     0.854    0.8458    0.6599   0.03891   0.00503   0.01259
   179/499     1.06G   0.02814  0.006694    0.0125   0.04733         9       320    0.5537    0.8389    0.8217    0.5541   0.04007  0.005126   0.01242
   180/499     1.06G   0.02969  0.006802   0.01255   0.04904         8       320     0.683    0.8333    0.8559    0.6501   0.03894  0.004993    0.0122
   181/499     1.06G   0.02569  0.006565   0.01187   0.04412         1       320     0.704    0.8828    0.8794    0.6221   0.03911     0.005   0.01211
   182/499     1.06G    0.0261  0.007552   0.01175    0.0454         3       320    0.7162    0.8936    0.8823    0.6592   0.03822  0.004965   0.01203
   183/499     1.06G   0.02489  0.007792   0.01132     0.044         7       320    0.7286    0.9231    0.8867    0.6225   0.03841  0.005013   0.01198
   184/499     1.06G   0.02882  0.008424   0.01382   0.05106         3       320    0.7414    0.8535    0.8877    0.6527   0.03761  0.004942   0.01191
   185/499     1.06G   0.02525  0.007716    0.0115   0.04446         3       320    0.7525    0.8493    0.8831    0.6498   0.03788  0.004925   0.01186
   186/499     1.06G   0.02561  0.007734   0.01107   0.04441         5       320     0.721    0.8522    0.8675    0.6315   0.03803  0.004926   0.01184
   187/499     1.06G   0.02461  0.007728    0.0114   0.04374         4       320    0.6359    0.9275    0.8643    0.6257   0.03791  0.004935   0.01187
   188/499     1.06G   0.02381  0.007038   0.01175    0.0426         6       320    0.6107    0.9943    0.8489    0.6143     0.037  0.004981   0.01184
   189/499     1.06G   0.02405  0.007433   0.01084   0.04232         1       320    0.6233    0.9274    0.8403    0.6775   0.03683  0.004967    0.0119
   190/499     1.06G   0.02228    0.0071    0.0116   0.04099         2       320    0.6713    0.9503     0.887    0.6894   0.03669  0.005004   0.01179
   191/499     1.06G   0.02272  0.007288    0.0121    0.0421         8       320    0.7028     0.802    0.8555    0.6632    0.0366  0.005046    0.0118
   192/499     1.06G   0.02584   0.00761   0.01167   0.04512         4       320    0.6626    0.9479     0.883    0.6776    0.0366   0.00494   0.01163
   193/499     1.06G    0.0259   0.00664   0.01118   0.04372         1       320    0.7168    0.9255    0.8955    0.6552   0.03703  0.004989   0.01166
   194/499     1.06G   0.03116  0.006829   0.01129   0.04929         4       320    0.6365    0.9583    0.8716    0.5557   0.03862  0.004972   0.01145
   195/499     1.06G   0.03175  0.006435   0.01002   0.04821         0       320    0.6586    0.8461    0.8428     0.606   0.03664  0.005055    0.0114
   196/499     1.06G   0.02595  0.007273   0.01134   0.04456         1       320    0.6967     0.839    0.8707    0.6927   0.03539  0.005069   0.01141
   197/499     1.06G   0.02693  0.007762   0.01183   0.04653         7       320     0.698    0.8337    0.8823     0.722   0.03404  0.005147   0.01137
   198/499     1.06G   0.02456  0.006986    0.0118   0.04334         2       320    0.6731    0.8326    0.8823    0.7129   0.03364   0.00527   0.01126
   199/499     1.06G   0.02548  0.007567   0.01152   0.04457        10       320    0.6777    0.8397    0.8675    0.7043   0.03324  0.005342   0.01135
   200/499     1.06G   0.02579  0.007585   0.01175   0.04513         6       320    0.7574    0.7292    0.8473    0.6868    0.0337  0.005412   0.01143
   201/499     1.06G    0.0211  0.007328   0.01171   0.04013         4       320    0.7959    0.7289    0.8506    0.6867   0.03329  0.005555    0.0114
   202/499     1.06G   0.02196  0.006733   0.01132   0.04002         4       320    0.5738     0.875    0.8523    0.6851   0.03384  0.005688   0.01146
   203/499     1.06G   0.02388  0.006755   0.01216    0.0428         2       320    0.5373    0.9556    0.8541    0.6747   0.03399  0.005778   0.01153
   204/499     1.06G   0.02375  0.007946   0.01102   0.04271         4       320    0.5858    0.9583    0.8758    0.6888   0.03386  0.005637   0.01146
   205/499     1.06G   0.02469  0.007368   0.01062   0.04268         8       320    0.5711    0.8687    0.8739    0.6982   0.03415  0.005619   0.01146
   206/499     1.06G   0.02411   0.00737   0.01059   0.04207         1       320    0.5882    0.8841    0.8769    0.6935   0.03437  0.005657   0.01136
   207/499     1.06G   0.02221  0.007831   0.01041   0.04044         7       320    0.6312    0.7987    0.8591    0.6849   0.03553  0.005505   0.01142
   208/499     1.06G   0.02689  0.007591   0.01033   0.04481         2       320    0.5968     0.812    0.8019    0.6378   0.03811   0.00519   0.01128
   209/499     1.06G   0.02772  0.007599   0.01141   0.04672         5       320    0.6028    0.8331    0.8372     0.599   0.03911  0.005119   0.01129
   210/499     1.06G   0.03541  0.007766   0.01188   0.05505         4       320    0.7091    0.9005     0.815    0.6239   0.03917  0.004825   0.01199
   211/499     1.06G   0.02874   0.00747   0.01174   0.04795        12       320    0.7217    0.9137    0.8243    0.6089   0.03942  0.004713   0.01189
   212/499     1.06G   0.02442  0.007325   0.01086   0.04261         6       320    0.7044    0.9175    0.8444    0.7005   0.04119  0.004483   0.01167
   213/499     1.06G   0.02327  0.007394   0.01027   0.04094         3       320    0.6876    0.9271    0.8491    0.6952   0.04362  0.004306   0.01161
   214/499     1.06G   0.02221  0.007471   0.01071   0.04039        12       320    0.6516    0.9564      0.86    0.6559    0.0436  0.004304   0.01149
   215/499     1.06G   0.02373  0.006741   0.01161   0.04208         2       320    0.6536    0.9583    0.8739    0.7231   0.04404  0.004219   0.01141
   216/499     1.06G   0.02181   0.00707   0.01166   0.04054         2       320    0.6482    0.9583    0.8788    0.6952    0.0431  0.004372   0.01127
   217/499     1.06G   0.02346  0.007384  0.009887   0.04073         2       320    0.6605     0.957    0.8788    0.7338   0.04207  0.004448   0.01121
   218/499     1.06G   0.02057  0.006269  0.009652   0.03649         2       320    0.7398    0.8724    0.8707    0.7146   0.04182  0.004494   0.01117
   219/499     1.06G   0.02541   0.00689   0.01187   0.04417         5       320     0.763    0.8687    0.8707    0.7115   0.04156  0.004531   0.01116
   220/499     1.06G   0.02329  0.006826    0.0108   0.04091         7       320    0.7483    0.8692    0.8707    0.7061   0.04175  0.004544   0.01123
   221/499     1.06G    0.0242  0.007104   0.01026   0.04157         4       320    0.5653         1    0.8498    0.6363   0.04183  0.004534   0.01133
   222/499     1.06G   0.02241   0.00642   0.01135   0.04019         4       320    0.5986    0.9287    0.8611    0.6558   0.04156  0.004569   0.01132
   223/499     1.06G   0.02242  0.006335   0.01048   0.03923         2       320    0.5531    0.9556    0.8552     0.642   0.04183  0.004556   0.01134
   224/499     1.06G   0.02268  0.006963  0.009931   0.03957        13       320     0.751    0.7289    0.8472    0.5905   0.04403  0.004408   0.01126
   225/499     1.06G   0.02367  0.007293  0.009821   0.04079         4       320    0.6516    0.8542    0.8552    0.6362    0.0441  0.004182   0.01127
   226/499     1.06G   0.02577  0.006881  0.009534   0.04219         4       320    0.6801    0.8542    0.8552    0.6745   0.04533  0.003974   0.01126
   227/499     1.06G   0.02654  0.007284  0.009246   0.04307         6       320    0.6306    0.9992    0.8611     0.623   0.04576  0.003842   0.01135
   228/499     1.06G   0.02135  0.006122  0.009068   0.03654         1       320    0.6626    0.9989    0.8582       0.7   0.04499  0.003846    0.0112
   229/499     1.06G   0.02375  0.006434  0.008864   0.03905         1       320    0.6702    0.9721    0.8695    0.6833   0.04526  0.003832    0.0113
   230/499     1.06G     0.025  0.007448   0.01006   0.04251         2       320    0.6449    0.9244    0.8582    0.7067   0.04559   0.00378   0.01133
   231/499     1.06G    0.0227  0.006764  0.009346   0.03881         1       320    0.6412    0.8896    0.8582    0.7125   0.04466  0.003808   0.01132
   232/499     1.06G   0.02226  0.007263   0.01095   0.04047         7       320    0.6643    0.8482    0.8582    0.6738   0.04523  0.003811   0.01133
   233/499     1.06G   0.02196  0.007458  0.008911   0.03833        17       320     0.697    0.8397    0.8582    0.7072   0.04464  0.003792    0.0113
   234/499     1.06G   0.01993  0.007392  0.008741   0.03607         8       320    0.7072    0.9167    0.8582    0.6751   0.04399  0.003856   0.01125
   235/499     1.06G   0.02075  0.006184  0.009118   0.03605         2       320    0.7412    0.9276    0.8831    0.6905   0.04263  0.003968   0.01117
   236/499     1.06G   0.02323   0.00719   0.01017   0.04059         1       320    0.7044    0.9336    0.8747    0.6792   0.04236   0.00403   0.01116
   237/499     1.06G   0.01987   0.00671  0.008851   0.03543         1       320    0.7065    0.9259    0.8747    0.6695   0.04224  0.004021   0.01115
   238/499     1.06G   0.02316  0.006863   0.01107   0.04109         2       320    0.7082    0.9258    0.8586    0.6843   0.04194  0.004017   0.01115
   239/499     1.06G   0.02358  0.006992  0.009257   0.03983         1       320    0.7035    0.9094    0.8633    0.6924   0.04118  0.004106   0.01125
   240/499     1.06G    0.0218  0.007619  0.009918   0.03934         3       320    0.6995    0.9132    0.8612    0.7015   0.04074  0.004102   0.01126
   241/499     1.06G   0.02293  0.006541   0.01057   0.04004         6       320     0.676     0.921    0.8555    0.6228   0.04315  0.003983   0.01123
   242/499     1.06G   0.02339  0.006488  0.008546   0.03842         9       320    0.7143    0.9302    0.8615    0.6305   0.04381  0.003961   0.01122
   243/499     1.06G   0.03088  0.007062    0.0119   0.04984         8       320    0.7126    0.9382    0.8798    0.6624   0.04414  0.003897   0.01115
   244/499     1.06G   0.02265  0.006477  0.008832   0.03796         0       320    0.7089    0.9365    0.8798    0.6799   0.04388  0.003913   0.01109
   245/499     1.06G   0.02119  0.006558   0.01009   0.03784         8       320    0.7127    0.9321    0.8798    0.7064   0.04377   0.00392   0.01105
   246/499     1.06G   0.02176  0.006194  0.009661   0.03761         1       320    0.6714    0.9372    0.8614     0.715   0.04313  0.003994   0.01107
   247/499     1.06G   0.01749  0.006132  0.008717   0.03234         6       320     0.672    0.8901    0.8615    0.6907   0.04324  0.004021   0.01113
   248/499     1.06G   0.02021  0.006406  0.008934   0.03555         1       320    0.6438    0.9277    0.8747    0.7148    0.0429  0.003976   0.01114
   249/499     1.06G   0.02021  0.006274  0.008325   0.03481         1       320    0.6335    0.9167    0.8612    0.7067   0.04345  0.003943   0.01109
   250/499     1.06G   0.02058  0.007333  0.009554   0.03747         2       320    0.6565    0.8778    0.8612    0.7147   0.04336  0.003951   0.01102
   251/499     1.06G   0.02156  0.005937  0.008353   0.03585         1       320    0.7825    0.8816    0.8841    0.7304    0.0417  0.004032   0.01082
   252/499     1.06G   0.02117  0.006486  0.009352   0.03701        12       320    0.7428    0.8705    0.8841    0.7364   0.04135  0.004063   0.01075
   253/499     1.06G   0.01841  0.006322   0.00944   0.03417         8       320    0.7711    0.8331    0.8956    0.7311    0.0415  0.004072   0.01076
   254/499     1.06G    0.0243  0.008918   0.01061   0.04382        17       320    0.6499    0.9724    0.8831    0.7074   0.04182  0.004019   0.01077
   255/499     1.06G   0.01971  0.006725  0.008267    0.0347         1       320    0.6894    0.9575    0.8716    0.7037   0.04224  0.003993   0.01072
   256/499     1.06G   0.02355  0.007034  0.009153   0.03974         1       320    0.6811    0.9505    0.8482    0.7156   0.04317   0.00397    0.0106
   257/499     1.06G   0.02245  0.007269   0.00964   0.03936         3       320    0.6858    0.9545    0.8831    0.7071   0.04195  0.003965   0.01056
   258/499     1.06G   0.02695   0.00728  0.009147   0.04337         1       320    0.6848     0.954    0.8831    0.6396   0.04365  0.004012   0.01061
   259/499     1.06G    0.0229   0.00731  0.009027   0.03923         2       320    0.7006     0.875    0.8716     0.672   0.04263  0.004043   0.01064
   260/499     1.06G   0.02289  0.006648  0.009856    0.0394         2       320    0.6999     0.885    0.8794    0.7346   0.04111   0.00418   0.01043
   261/499     1.06G   0.02214  0.005956  0.009318   0.03742         4       320    0.5936         1    0.8376     0.696   0.04102  0.004295   0.01039
   262/499     1.06G   0.02026  0.007254  0.009702   0.03721         3       320    0.5699    0.9971    0.8472     0.673   0.04098  0.004422   0.01045
   263/499     1.06G   0.02351  0.006345  0.008269   0.03812         4       320    0.6534    0.8662    0.8496    0.6881   0.03994  0.004465   0.01042
   264/499     1.06G   0.02129  0.006705  0.008461   0.03645         2       320    0.6468    0.8732    0.8496    0.7188   0.03944  0.004486   0.01037
   265/499     1.06G   0.01799  0.006604  0.008271   0.03287         4       320    0.6388    0.8123    0.8246    0.6689   0.03988  0.004502   0.01028
   266/499     1.06G   0.01979  0.007232  0.009154   0.03618         4       320    0.6398    0.8117      0.82    0.6558   0.03941   0.00454   0.01033
   267/499     1.06G   0.01681  0.006581  0.008189   0.03158         7       320    0.6414    0.8118    0.8075    0.6593    0.0395  0.004558   0.01031
   268/499     1.06G   0.01856  0.006819  0.008171   0.03355         4       320    0.9481    0.6667    0.7946    0.6451   0.03943  0.004542   0.01027
   269/499     1.06G   0.02143  0.007369  0.009023   0.03782        11       320    0.9106    0.6665    0.8012    0.6654   0.03949  0.004561   0.01028
   270/499     1.06G   0.02003  0.006426  0.007489   0.03395         1       320     0.657    0.8104    0.8052    0.6642   0.03911  0.004594   0.01024
   271/499     1.06G   0.02136  0.007297  0.009726   0.03839         1       320    0.6623     0.799    0.8033    0.6789   0.03876  0.004613   0.01024
   272/499     1.06G   0.01974  0.007224  0.008839    0.0358         6       320    0.7061    0.8124    0.8234    0.6488   0.03931  0.004504    0.0102
   273/499     1.06G    0.0223  0.006205  0.008382   0.03688         1       320    0.7077    0.8125    0.8433    0.6038   0.03958  0.004439    0.0101
   274/499     1.06G   0.02188  0.006438  0.009539   0.03786         3       320     0.845    0.7289    0.8523     0.645   0.03923  0.004379   0.01013
   275/499     1.06G   0.02032  0.006045   0.00699   0.03335         1       320    0.8583     0.729    0.8585    0.7134   0.03812  0.004455   0.01023
   276/499     1.06G   0.01811  0.005598   0.00791   0.03162         5       320    0.8752    0.7292     0.874    0.7057   0.03821  0.004475   0.01026
   277/499     1.06G   0.02246  0.007371  0.009149   0.03898        13       320     0.738    0.8115    0.8705    0.6985   0.03692  0.004503   0.01026
   278/499     1.06G   0.01735  0.006634  0.007167   0.03115         8       320    0.8895    0.7291    0.8705    0.6849   0.03689  0.004527   0.01026
   279/499     1.06G   0.02024  0.007189  0.007188   0.03461         0       320    0.7528    0.8125    0.8728    0.7097   0.03617  0.004535   0.01029
   280/499     1.06G   0.01892  0.005682  0.008176   0.03278         4       320    0.7457    0.8125    0.8785    0.6761   0.03693  0.004569    0.0103
   281/499     1.06G   0.01843  0.006651   0.00794   0.03302        11       320    0.7521    0.8125    0.8844    0.7072   0.03621  0.004566   0.01031
   282/499     1.06G   0.02054  0.006838  0.009065   0.03645         1       320     0.755    0.8125    0.8844    0.7221    0.0361  0.004573   0.01039
   283/499     1.06G   0.01717  0.006097  0.008803   0.03207         4       320    0.8677    0.7288    0.8705    0.7227   0.03592  0.004622    0.0105
   284/499     1.06G   0.01988  0.006637  0.008341   0.03486         2       320    0.8918    0.7292    0.8739    0.7154   0.03571  0.004637   0.01053
   285/499     1.06G   0.01957  0.005716  0.007837   0.03312         2       320    0.9076    0.7292    0.8799    0.7026   0.03559  0.004591   0.01051
   286/499     1.06G   0.01915  0.006205  0.008981   0.03433         3       320     0.912    0.7292    0.8799     0.717    0.0357  0.004597   0.01062
   287/499     1.06G   0.02168  0.006805  0.008646   0.03713         3       320    0.9205    0.7289    0.8705     0.703   0.03542  0.004614   0.01087
   288/499     1.06G   0.02225  0.006595  0.009424   0.03827         2       320    0.9078    0.7292    0.8799    0.7189   0.03453  0.004606   0.01068
   289/499     1.06G   0.02017  0.005795  0.007262   0.03323         1       320    0.7381    0.8282    0.8776    0.6466   0.03585  0.004607   0.01057
   290/499     1.06G   0.02371  0.006191  0.008406    0.0383         1       320    0.8144    0.9016    0.9026    0.7422   0.03373  0.004572    0.0104
   291/499     1.06G   0.02037  0.005898  0.007946   0.03422         1       320    0.8299    0.8997    0.9044    0.7613   0.03352  0.004539   0.01037
   292/499     1.06G   0.01888  0.006214  0.007992   0.03308         3       320     0.823    0.9573    0.9162    0.7402   0.03367  0.004459   0.01029
   293/499     1.06G   0.02066  0.007017  0.008132   0.03581         5       320    0.8251    0.9583    0.9162    0.7591    0.0333  0.004391   0.01018
   294/499     1.06G   0.02135  0.006333  0.008011   0.03569         1       320    0.8186    0.9982    0.9259    0.7583   0.03312  0.004356   0.01023
   295/499     1.06G   0.01852  0.006286   0.01025   0.03506         8       320    0.8263    0.9984    0.9259     0.771   0.03277  0.004355   0.01024
   296/499     1.06G   0.01702  0.005726  0.007057    0.0298         2       320    0.8346    0.9948    0.9401    0.7887   0.03301   0.00434   0.01027
   297/499     1.06G   0.01687  0.006894   0.00799   0.03175         8       320    0.8264         1    0.9401    0.7979   0.03301  0.004305   0.01021
   298/499     1.06G   0.01726  0.005979  0.007377   0.03062         3       320    0.8352    0.9855    0.9401    0.7968   0.03342  0.004252   0.01023
   299/499     1.06G   0.01627  0.005535  0.008715   0.03052         2       320    0.7874         1    0.9276    0.7945    0.0338  0.004209   0.01013
   300/499     1.06G   0.01928  0.007214  0.007747   0.03424         4       320    0.8021    0.9571     0.945     0.819   0.03452  0.004138   0.01007
   301/499     1.06G   0.01672  0.005961  0.007314   0.02999         3       320     0.775         1    0.9466    0.8162   0.03473   0.00412   0.01003
   302/499     1.06G   0.01909  0.006108  0.008028   0.03322         2       320    0.7994    0.9552    0.9571    0.8147   0.03508  0.004118  0.009952
   303/499     1.06G    0.0175  0.006276   0.00676   0.03054         4       320    0.9033    0.8525    0.9551    0.8044   0.03539  0.004102  0.009962
   304/499     1.06G   0.01657  0.005734  0.006883   0.02919         1       320    0.8019     0.957    0.9571    0.8217   0.03567  0.004104  0.009821
   305/499     1.06G    0.0194   0.00631  0.006993    0.0327         2       320    0.7993     0.952    0.9619    0.7971   0.03609  0.004047  0.009742
   306/499     1.06G   0.02071  0.006324  0.008297   0.03533        15       320    0.7794    0.9987    0.9619    0.8008   0.03605  0.004047  0.009638
   307/499     1.06G   0.01838  0.005702   0.00688   0.03096         1       320    0.7756    0.9858     0.962    0.8179   0.03534  0.004027  0.009625
   308/499     1.06G   0.02033  0.006577  0.007495    0.0344        11       320    0.9417    0.9039    0.9744    0.8179   0.03594  0.003997  0.009541
   309/499     1.06G   0.02274  0.006795  0.009205   0.03874         2       320    0.8183    0.9573    0.9655      0.82   0.03538  0.004036  0.009525
   310/499     1.06G   0.01913  0.007029  0.007058   0.03322         6       320    0.8057    0.9995    0.9708    0.8304   0.03498  0.004046  0.009364
   311/499     1.06G   0.02066  0.005913  0.006607   0.03318         5       320    0.8057    0.9997    0.9708    0.8207   0.03475  0.004107  0.009264
   312/499     1.06G   0.01825  0.006534  0.006598   0.03139         7       320    0.7893     0.999    0.9708    0.8282   0.03485  0.004147  0.009184
   313/499     1.06G   0.01756  0.006624  0.008189   0.03238         5       320    0.8211    0.9583    0.9655    0.8192   0.03437  0.004227  0.009265
   314/499     1.06G   0.02012  0.006076  0.006372   0.03257         2       320    0.7725    0.9992    0.9619    0.8054   0.03442  0.004246  0.009285
   315/499     1.06G   0.01892  0.006586  0.006265   0.03177         2       320    0.7866         1     0.962    0.7989   0.03514  0.004206  0.009234
   316/499     1.06G   0.02091  0.006499  0.007384    0.0348         3       320    0.7897         1    0.9619    0.8007   0.03552  0.004173  0.009109
   317/499     1.06G   0.02026  0.007004   0.00685   0.03411         2       320    0.7756    0.9995    0.9619    0.7914   0.03558  0.004202  0.009043
   318/499     1.06G   0.02059  0.005854  0.007021   0.03347         1       320    0.7685    0.9992     0.962    0.7989   0.03597  0.004161  0.009097
   319/499     1.06G   0.01725  0.005494  0.006045   0.02879         4       320    0.7537         1    0.9619    0.7872   0.03674  0.004169  0.008954
   320/499     1.06G   0.01836  0.005516  0.006395   0.03027         3       320    0.7667    0.9994    0.9619    0.7994    0.0371   0.00417  0.008914
   321/499     1.06G    0.0205  0.005785  0.006521   0.03281         8       320    0.8074         1    0.9708    0.7843   0.03613  0.004197   0.00895
   322/499     1.06G   0.02289  0.005468  0.006617   0.03497         2       320    0.8061    0.9988    0.9769    0.7608   0.03552  0.004318  0.009013
   323/499     1.06G   0.02128  0.006005  0.007044   0.03433         2       320    0.8531    0.9516    0.9769    0.8009   0.03412  0.004337  0.009076
   324/499     1.06G    0.0211  0.007292  0.006737   0.03512        12       320    0.8574    0.9574    0.9726    0.8026   0.03412  0.004368  0.009178
   325/499     1.06G   0.02083  0.006287  0.006728   0.03385         5       320    0.7939         1     0.937    0.7956   0.03385   0.00432  0.009108
   326/499     1.06G   0.01834  0.006613  0.007306   0.03226         1       320     0.799         1    0.9284    0.7958   0.03373  0.004334  0.009123
   327/499     1.06G    0.0176  0.006544    0.0061   0.03024         3       320    0.8004         1    0.9369    0.8275   0.03322  0.004325  0.009061
   328/499     1.06G   0.02008  0.006539  0.005977    0.0326         2       320    0.8025         1    0.9284    0.8156   0.03314  0.004322  0.009111
   329/499     1.06G   0.01789  0.006615  0.007283   0.03179         7       320    0.7906         1    0.9334    0.8175   0.03275  0.004353  0.009045
   330/499     1.06G   0.01756  0.006556  0.007164   0.03128         1       320    0.8254    0.9963    0.9397    0.8089   0.03268  0.004354  0.008984
   331/499     1.06G    0.0179  0.006091  0.006332   0.03032         6       320     0.818     0.987    0.9404    0.8081   0.03259  0.004413   0.00893
   332/499     1.06G   0.01391  0.005563  0.006078   0.02555         4       320    0.7848    0.9993    0.9321    0.8096   0.03256  0.004422  0.008958
   333/499     1.06G   0.01601  0.006479  0.006178   0.02867         4       320     0.818    0.9811    0.9404    0.8214   0.03251  0.004397  0.008944
   334/499     1.06G   0.01772   0.00656  0.006661   0.03094        10       320    0.7941    0.9999    0.9244    0.8089   0.03273  0.004384  0.009001
   335/499     1.06G    0.0186  0.006724  0.007495   0.03282         2       320    0.7733         1    0.9182     0.809   0.03267  0.004459  0.009011
   336/499     1.06G   0.01638  0.006618  0.006378   0.02938         5       320    0.7847         1    0.9182    0.7902   0.03322   0.00435  0.008963
   337/499     1.06G   0.01929  0.007318  0.006685    0.0333         7       320    0.7857    0.9999    0.9245    0.8195   0.03296  0.004308   0.00889
   338/499     1.06G   0.02012  0.006365  0.005736   0.03222        10       320    0.7801         1    0.9182    0.8031   0.03325  0.004308  0.008892
   339/499     1.06G   0.01829  0.006336  0.006574    0.0312         4       320    0.7865    0.9997    0.9182    0.7715   0.03255  0.004344  0.008947
   340/499     1.06G   0.01846  0.005795  0.006115   0.03037         2       320    0.7866    0.9996    0.9182    0.7948    0.0322  0.004353  0.008897
   341/499     1.06G   0.01649  0.006304  0.006254   0.02905         2       320    0.7886    0.9995    0.9182    0.7994   0.03231  0.004327  0.008872
   342/499     1.06G   0.02036  0.006172   0.00683   0.03336         8       320    0.8033         1    0.9307    0.8105   0.03185  0.004423  0.009043
   343/499     1.06G   0.01726  0.006622  0.006105   0.02998         2       320    0.8065         1    0.9432    0.8183   0.03187  0.004399  0.008946
   344/499     1.06G   0.01781  0.006316   0.00832   0.03244         6       320     0.878    0.9988    0.9951    0.8596   0.03166   0.00442  0.008893
   345/499     1.06G   0.01612  0.006319  0.005452   0.02789         2       320     0.862    0.9993    0.9951    0.8642   0.03124  0.004424  0.008755
   346/499     1.06G   0.01731  0.006442  0.006177   0.02993         4       320    0.8979    0.9577    0.9894    0.8443   0.03086  0.004394  0.008666
   347/499     1.06G   0.01721  0.005875  0.006099   0.02918         2       320    0.8698    0.9999    0.9951    0.8574   0.03113  0.004365  0.008665
   348/499     1.06G   0.01528  0.005578  0.006599   0.02746         2       320    0.8643    0.9957    0.9951    0.8664   0.03077  0.004386  0.008589
   349/499     1.06G   0.01683  0.006902  0.006488   0.03022         1       320    0.8963    0.9584    0.9951    0.8588   0.03076  0.004382  0.008527
   350/499     1.06G   0.02044  0.007065  0.006139   0.03364         2       320    0.9058    0.9583    0.9894     0.848   0.03112   0.00433  0.008487
   351/499     1.06G   0.01595   0.00565  0.006343   0.02795         8       320    0.9078    0.9584    0.9951    0.8633   0.03108  0.004306  0.008465
   352/499     1.06G   0.01748  0.005935  0.006603   0.03002         4       320    0.8972    0.9584    0.9951    0.8637    0.0313  0.004351    0.0084
   353/499     1.06G   0.01958  0.005764  0.005062    0.0304         1       320    0.8906    0.9579    0.9894    0.8483   0.03122  0.004388  0.008425
   354/499     1.06G   0.01876  0.006142  0.006359   0.03126         4       320    0.8979    0.9583    0.9894    0.8414   0.03109   0.00436  0.008434
   355/499     1.06G   0.02102  0.005886  0.005064   0.03197         2       320    0.9479    0.8984    0.9833    0.8215   0.03141  0.004374  0.008469
   356/499     1.06G   0.01922  0.005959  0.005436   0.03062         3       320    0.9469    0.9086    0.9833    0.8499   0.03097  0.004364  0.008535
   357/499     1.06G    0.0188  0.006393  0.006231   0.03142         4       320    0.8825    0.9708    0.9772    0.8437   0.03055   0.00437  0.008597
   358/499     1.06G    0.0186  0.006158  0.007391   0.03215         1       320    0.8518    0.9994    0.9772    0.8396    0.0307  0.004363  0.008588
   359/499     1.06G   0.01721  0.006523  0.006108   0.02984         3       320    0.8635    0.9701    0.9833    0.8626   0.03042  0.004372   0.00845
   360/499     1.06G   0.01651   0.00643  0.006075   0.02902         3       320    0.8824    0.9585    0.9833    0.8626   0.03015  0.004363  0.008487
   361/499     1.06G   0.01724   0.00619  0.006631   0.03006         2       320    0.8761    0.9876    0.9654    0.8452   0.03027    0.0044  0.008479
   362/499     1.06G   0.01543  0.005642  0.006099   0.02717         4       320    0.8515    0.9999    0.9833    0.8597   0.03008  0.004422  0.008438
   363/499     1.06G   0.01816  0.006668  0.006176     0.031         7       320    0.8685    0.9994    0.9833    0.8604   0.02995  0.004402  0.008448
   364/499     1.06G   0.01714  0.006165  0.006147   0.02945         3       320    0.8906    0.9823    0.9772    0.8634   0.02996  0.004428  0.008391
   365/499     1.06G   0.01647  0.006459  0.004867    0.0278         7       320    0.8835    0.9943    0.9654    0.8565   0.02978  0.004492  0.008348
   366/499     1.06G   0.01834  0.006265  0.006815   0.03142         8       320    0.8941    0.9969    0.9654    0.8571   0.02959  0.004453  0.008413
   367/499     1.06G   0.01559  0.005998  0.005234   0.02682         9       320    0.8922    0.9845    0.9654    0.8655   0.02945   0.00449  0.008411
   368/499     1.06G   0.01876  0.006573  0.006688   0.03202         7       320    0.8962    0.9782    0.9654    0.8334   0.02953  0.004511  0.008589
   369/499     1.06G   0.01818  0.006485  0.005233    0.0299         2       320    0.8225         1    0.9529    0.8396     0.029  0.004491  0.008611
   370/499     1.06G    0.0209  0.006682  0.005858   0.03344         8       320    0.8927         1    0.9833    0.8694   0.02899  0.004513  0.008368
   371/499     1.06G    0.0197  0.007546  0.007527   0.03477         1       320    0.8937    0.9995    0.9833    0.8743   0.02889  0.004469    0.0082
   372/499     1.06G   0.01501  0.006145  0.004677   0.02583         3       320     0.893         1    0.9833     0.896   0.02861  0.004447  0.008173
   373/499     1.06G   0.01514  0.005853  0.004695   0.02569         1       320    0.9019    0.9999    0.9833    0.8668   0.02865  0.004404  0.008192
   374/499     1.06G   0.01731  0.006853  0.005803   0.02997         1       320    0.8982    0.9998    0.9715    0.8524   0.02889  0.004364  0.008161
   375/499     1.06G   0.01453  0.005674  0.005769   0.02597         3       320    0.8951         1    0.9833    0.8846    0.0284  0.004368  0.008073
   376/499     1.06G   0.01593  0.005981  0.006696    0.0286         2       320    0.9221    0.9994    0.9951    0.8875    0.0281  0.004369  0.008178
   377/499     1.06G   0.01618  0.005904  0.004945   0.02703         2       320    0.9267         1    0.9951    0.8977    0.0275  0.004398  0.008279
   378/499     1.06G   0.01558  0.005479  0.006612   0.02767         1       320    0.9355         1    0.9951    0.8935   0.02758  0.004405  0.008134
   379/499     1.06G   0.01604  0.006426  0.005657   0.02812        10       320    0.9286         1    0.9951    0.8904   0.02751  0.004425  0.008058
   380/499     1.06G    0.0156  0.006296  0.005055   0.02695         4       320    0.9385    0.9867    0.9951    0.8905   0.02754  0.004384  0.008084
   381/499     1.06G   0.01702  0.006691  0.005814   0.02952         1       320    0.9268    0.9686    0.9951    0.9042   0.02744  0.004425  0.007981
   382/499     1.06G   0.01625  0.006519  0.005012   0.02778         5       320    0.9244    0.9714    0.9951    0.8857   0.02763  0.004405  0.007966
   383/499     1.06G   0.01604  0.006162  0.004994   0.02719         1       320    0.9276    0.9992    0.9951    0.9042   0.02794  0.004394  0.007881
   384/499     1.06G   0.01782  0.006766  0.005078   0.02967         4       320      0.92    0.9996    0.9951    0.8831   0.02814  0.004359   0.00786
   385/499     1.06G    0.0185  0.005868  0.005731    0.0301         5       320    0.9044    0.9988    0.9951    0.8822   0.02872  0.004393  0.007747
   386/499     1.06G   0.01712   0.00615   0.00607   0.02934         2       320    0.9185         1    0.9951    0.8527   0.02844  0.004386  0.007775
   387/499     1.06G   0.01623  0.005419  0.003943   0.02559         4       320     0.917         1    0.9951    0.8484   0.02881  0.004396  0.007731
   388/499     1.06G   0.01942  0.007139  0.005495   0.03206         1       320    0.9205    0.9999    0.9951    0.8627   0.02912  0.004313  0.007678
   389/499     1.06G   0.02008  0.005839  0.005477    0.0314         8       320    0.9146         1    0.9951    0.8713   0.02888  0.004322  0.007687
   390/499     1.06G   0.01397  0.005658  0.004768    0.0244         4       320    0.9461    0.9344    0.9826    0.8653   0.02897  0.004371  0.007608
   391/499     1.06G   0.01504  0.005867  0.004926   0.02584         4       320    0.8604         1    0.9701    0.8762   0.02815  0.004449  0.007579
   392/499     1.06G   0.01657  0.006753  0.005426   0.02875         5       320    0.8753         1    0.9701    0.8534   0.02768  0.004478  0.007503
   393/499     1.06G   0.01437    0.0057  0.003671   0.02374         5       320    0.8901    0.9685    0.9701     0.864   0.02721  0.004527  0.007518
   394/499     1.06G   0.01631   0.00613  0.005136   0.02757         4       320    0.8505         1    0.9583    0.8548   0.02716  0.004556  0.007569
   395/499     1.06G   0.01706  0.006403  0.005829   0.02929        10       320    0.8399    0.9999    0.9644    0.8576   0.02713    0.0046  0.007573
   396/499     1.06G   0.01516   0.00592  0.004603   0.02568         7       320    0.8496         1    0.9644    0.8537   0.02705  0.004641  0.007523
   397/499     1.06G     0.017  0.005881  0.004929   0.02781         8       320    0.8554    0.9995    0.9583    0.8567   0.02727  0.004662  0.007468
   398/499     1.06G   0.01729   0.00636  0.005754    0.0294         7       320    0.8608    0.9995    0.9583    0.8492   0.02708  0.004645   0.00744
   399/499     1.06G   0.01627  0.006725  0.005815   0.02881         4       320    0.8631    0.9997    0.9644     0.854   0.02704   0.00467  0.007366
   400/499     1.06G   0.01694  0.006693  0.004729   0.02836         9       320    0.9047    0.9569    0.9644    0.8432   0.02684  0.004642  0.007489
   401/499     1.06G   0.01715  0.006627  0.005434   0.02921         6       320    0.8986    0.9952    0.9701    0.8329   0.02683   0.00468  0.007551
   402/499     1.06G   0.01822  0.006295  0.005841   0.03036         8       320    0.8948    0.9846    0.9701    0.8005   0.02686  0.004677  0.007588
   403/499     1.06G   0.01625  0.005856  0.004548   0.02665         1       320    0.8977         1    0.9701    0.8363   0.02655  0.004619  0.007577
   404/499     1.06G   0.01652  0.005888  0.004399    0.0268         4       320    0.8924    0.9743    0.9826    0.8647   0.02679  0.004602  0.007516
   405/499     1.06G    0.0162  0.006339  0.004763    0.0273         4       320    0.8913    0.9722    0.9826    0.8604   0.02669  0.004574   0.00758
   406/499     1.06G   0.01463  0.005945  0.005568   0.02614         4       320    0.8589         1    0.9769     0.859   0.02672  0.004574  0.007463
   407/499     1.06G   0.01745  0.005963  0.005506   0.02892         6       320    0.9618    0.8814    0.9769    0.8774   0.02671  0.004575  0.007524
   408/499     1.06G   0.01818  0.007173  0.006809   0.03216         8       320    0.9634    0.8801    0.9769    0.8843   0.02677  0.004558   0.00765
   409/499     1.06G   0.01264  0.005404   0.00451   0.02255         1       320    0.9652    0.8799    0.9769    0.8812   0.02671  0.004522  0.007612
   410/499     1.06G   0.01697  0.006436  0.005394    0.0288         4       320    0.8591    0.9995    0.9826    0.8775    0.0265  0.004511  0.007574
   411/499     1.06G   0.01605  0.006209  0.005365   0.02762         4       320    0.8566         1    0.9826    0.8896   0.02644  0.004513  0.007671
   412/499     1.06G   0.01683  0.005439  0.004075   0.02634         4       320    0.8852         1    0.9826    0.8784   0.02636  0.004517  0.007658
   413/499     1.06G   0.01659  0.006443   0.00586   0.02889         3       320    0.9626    0.8812    0.9826    0.8784    0.0266  0.004531  0.007691
   414/499     1.06G   0.01526  0.005582  0.005876   0.02672         5       320    0.9198    0.9216    0.9826    0.8831   0.02659  0.004512  0.007664
   415/499     1.06G   0.01408  0.005702  0.004164   0.02394         3       320    0.9625    0.8922    0.9769    0.8692   0.02671  0.004508  0.007653
   416/499     1.06G   0.01439  0.006063  0.005207   0.02566         2       320    0.9482    0.9726    0.9951    0.8859   0.02622  0.004475  0.007713
   417/499     1.06G    0.0165  0.005996  0.005316   0.02781         1       320    0.9434    0.9999    0.9951    0.8764   0.02593  0.004471  0.007663
   418/499     1.06G   0.01632  0.007784  0.005358   0.02946        14       320    0.9559    0.9705    0.9951    0.8795   0.02614   0.00445  0.007787
   419/499     1.06G   0.01481  0.005645  0.005055   0.02551         2       320    0.9502         1    0.9951    0.8831    0.0256  0.004456  0.007802
   420/499     1.06G   0.01654  0.005684   0.00577     0.028         5       320    0.9384         1    0.9951    0.8873   0.02507  0.004457   0.00788
   421/499     1.06G   0.01451  0.005578  0.004171   0.02426         4       320    0.9393    0.9998    0.9951    0.8859    0.0249  0.004521  0.007786
   422/499     1.06G   0.01561  0.006267  0.005225    0.0271         1       320    0.9539         1    0.9951    0.8893   0.02516  0.004508  0.007936
   423/499     1.06G   0.01573  0.005953  0.005237   0.02692         3       320    0.9404         1    0.9951    0.8869   0.02531  0.004498  0.007856
   424/499     1.06G   0.01512  0.005744  0.004435    0.0253         9       320    0.9634         1    0.9951    0.8924    0.0254  0.004489  0.007763
   425/499     1.06G    0.0157  0.005351  0.004579   0.02563         5       320    0.9343    0.9995    0.9951    0.8805   0.02523  0.004501  0.007732
   426/499     1.06G   0.01662  0.007118  0.006333   0.03007         5       320    0.9244    0.9996    0.9951    0.9044   0.02524  0.004481  0.007745
   427/499     1.06G   0.01358  0.005576  0.004391   0.02355         1       320    0.9412    0.9997    0.9951    0.9052   0.02525  0.004448  0.007836
   428/499     1.06G    0.0159  0.005969   0.00419   0.02605         1       320    0.9328    0.9994    0.9951    0.9076   0.02508  0.004511  0.007869
   429/499     1.06G   0.01486  0.005836  0.005302     0.026         2       320    0.9582         1    0.9951    0.8983   0.02502  0.004508  0.007787
   430/499     1.06G   0.01702  0.006596  0.005119   0.02873         4       320    0.9637    0.9998    0.9951    0.9081   0.02493   0.00444  0.007883
   431/499     1.06G   0.01483  0.005828  0.005541    0.0262         2       320    0.9563         1    0.9951    0.9081   0.02502  0.004463  0.007892
   432/499     1.06G   0.01536  0.005733  0.004994   0.02609         2       320    0.9168    0.9996    0.9951    0.9004   0.02504  0.004482  0.007681
   433/499     1.06G   0.01533  0.006344  0.004558   0.02623         4       320    0.9609    0.9397    0.9951      0.91   0.02501  0.004472  0.007723
   434/499     1.06G   0.01405  0.005776  0.003902   0.02373         3       320    0.9416    0.9635    0.9951     0.892   0.02492  0.004464  0.007713
   435/499     1.06G   0.01495  0.006272  0.003868   0.02509         1       320    0.9228    0.9856    0.9951    0.9086   0.02473   0.00445  0.007613
   436/499     1.06G   0.01619  0.006401  0.005277   0.02787         4       320     0.964    0.9457    0.9951    0.8969   0.02466  0.004435  0.007693
   437/499     1.06G   0.01381  0.006016  0.005809   0.02563         5       320    0.9676    0.9378    0.9951    0.8976   0.02456  0.004403  0.007705
   438/499     1.06G   0.01465   0.00625  0.004894   0.02579         1       320    0.9636    0.9376    0.9951    0.9117    0.0246  0.004395  0.007577
   439/499     1.06G   0.01622  0.006626  0.005819   0.02866         4       320    0.9551    0.9377    0.9951    0.9122   0.02476   0.00441  0.007454
